0.909752 0.982782 0.810177 0.902189 0.310136 0.72985 0.898835 0.683984 0.472191 0.100688 0.434165 0.610875 0.913039 0.966598 0.477037 0.865304 
0.717297 0.00232745 0.822719 0.528355 0.0977498 0.118904 0.64926 0.873644 0.280014 0.978514 0.100196 0.853935 0.396682 0.0813351 0.274706 0.45296 
0.713511 0.835628 0.400589 0.306454 0.641402 0.357152 0.823213 0.508183 0.347944 0.419231 0.848084 0.479065 0.510245 0.807501 0.691972 0.42417 
0.123918 0.210499 0.80073 0.936948 0.0227614 0.425533 0.101474 0.25985 0.220632 0.64703 0.350229 0.180291 0.503632 0.0393817 0.100989 0.988258 
0.793306 0.082352 0.612814 0.486478 0.630147 0.845081 0.243053 0.731475 0.117134 0.220451 0.794618 0.332539 0.81591 0.10061 0.146324 0.69767 
0.471655 0.409926 0.569135 0.508624 0.311439 0.357168 0.837678 0.250908 0.560581 0.0124479 0.741593 0.335904 0.0457131 0.280832 0.240121 0.953124 
0.352213 0.287885 0.359146 0.946842 0.633758 0.621084 0.715595 0.388002 0.414426 0.650821 0.00149694 0.19231 0.334394 0.239406 0.637395 0.378627 
0.238618 0.967554 0.803186 0.447999 0.0804442 0.320043 0.507981 0.932843 0.109016 0.55128 0.70659 0.547437 0.814487 0.540292 0.96382 0.603212 
0.494612 0.312053 0.466912 0.809056 0.875028 0.812424 0.187994 0.999402 0.633086 0.083445 0.725566 0.986788 0.401821 0.678493 0.316192 0.213539 
0.0451987 0.573853 0.910057 0.5342 0.680613 0.0267389 0.634993 0.606322 0.575933 0.391186 0.370163 0.980491 0.036363 0.0216479 0.961031 0.184998 
0.199358 0.358558 0.731625 0.838295 0.918493 0.169412 0.672586 0.966572 0.0580672 0.676211 0.845425 0.342336 0.250652 0.5968 0.44235 0.174827 
0.875429 0.568124 0.414411 0.402259 0.701809 0.418238 0.662182 0.0467624 0.445354 0.259212 0.157656 0.527551 0.487277 0.561392 0.755505 0.883872 
0.123927 0.2106 0.800495 0.936867 0.0227108 0.425732 0.10142 0.260025 0.220898 0.646899 0.350312 0.180431 0.503456 0.0394668 0.101031 0.988242 
0.123943 0.210618 0.800888 0.936953 0.0230136 0.42567 0.101709 0.259926 0.221013 0.646881 0.350318 0.180449 0.503812 0.0393199 0.100806 0.988091 
0.587598 0.444977 0.59631 0.384922 0.575646 0.290321 0.189399 0.186735 0.612742 0.65669 0.476517 0.0898292 0.757602 0.87675 0.923345 0.842474 
0.123665 0.210519 0.800804 0.93711 0.0226806 0.425557 0.101442 0.259819 0.221051 0.646829 0.350126 0.180175 0.503626 0.0393212 0.100891 0.988298 
